sample_name,temperature_C,mass_percent,source_file,source_dataset_doi
PSM,25.467,100.0,2_PSM_TGA.csv,10.5258/SOTON/D2004
PSM,26.467,98.23849,2_PSM_TGA.csv,10.5258/SOTON/D2004
PSM,27.467,97.98221,2_PSM_TGA.csv,10.5258/SOTON/D2004
PSM,28.467,97.91403,2_PSM_TGA.csv,10.5258/SOTON/D2004
PSM,29.467,97.89018,2_PSM_TGA.csv,10.5258/SOTON/D2004
PSM,30.467,97.85699,2_PSM_TGA.csv,10.5258/SOTON/D2004
PSM,31.467,97.8283,2_PSM_TGA.csv,10.5258/SOTON/D2004
PSM,32.467,97.80074,2_PSM_TGA.csv,10.5258/SOTON/D2004
PSM,33.467,97.76571,2_PSM_TGA.csv,10.5258/SOTON/D2004
PSM,34.467,97.72837,2_PSM_TGA.csv,10.5258/SOTON/D2004
PSM,35.467,97.69473,2_PSM_TGA.csv,10.5258/SOTON/D2004
PSM,36.467,97.65639,2_PSM_TGA.csv,10.5258/SOTON/D2004
PSM,37.467,97.60624,2_PSM_TGA.csv,10.5258/SOTON/D2004
PSM,38.467,97.54653,2_PSM_TGA.csv,10.5258/SOTON/D2004
PSM,39.467,97.48834,2_PSM_TGA.csv,10.5258/SOTON/D2004
PSM,40.467,97.43284,2_PSM_TGA.csv,10.5258/SOTON/D2004
PSM,41.467,97.36754,2_PSM_TGA.csv,10.5258/SOTON/D2004
PSM,42.467,97.29737,2_PSM_TGA.csv,10.5258/SOTON/D2004
PSM,43.467,97.22243,2_PSM_TGA.csv,10.5258/SOTON/D2004
PSM,44.467,97.1332,2_PSM_TGA.csv,10.5258/SOTON/D2004
PSM,45.467,97.04003,2_PSM_TGA.csv,10.5258/SOTON/D2004
PSM,46.467,96.92805,2_PSM_TGA.csv,10.5258/SOTON/D2004
PSM,47.467,96.81665,2_PSM_TGA.csv,10.5258/SOTON/D2004
PSM,48.467,96.69317,2_PSM_TGA.csv,10.5258/SOTON/D2004
PSM,49.467,96.55753,2_PSM_TGA.csv,10.5258/SOTON/D2004
PSM,50.467,96.41466,2_PSM_TGA.csv,10.5258/SOTON/D2004
PSM,51.467,96.27433,2_PSM_TGA.csv,10.5258/SOTON/D2004
PSM,52.467,96.1269,2_PSM_TGA.csv,10.5258/SOTON/D2004
PSM,53.467,95.97943,2_PSM_TGA.csv,10.5258/SOTON/D2004
PSM,54.467,95.82921,2_PSM_TGA.csv,10.5258/SOTON/D2004
PSM,55.467,95.68557,2_PSM_TGA.csv,10.5258/SOTON/D2004
PSM,56.467,95.54109,2_PSM_TGA.csv,10.5258/SOTON/D2004
PSM,57.467,95.41799,2_PSM_TGA.csv,10.5258/SOTON/D2004
PSM,58.467,95.27937,2_PSM_TGA.csv,10.5258/SOTON/D2004
PSM,59.467,95.1342,2_PSM_TGA.csv,10.5258/SOTON/D2004
PSM,60.467,95.00918,2_PSM_TGA.csv,10.5258/SOTON/D2004
PSM,61.467,94.89074,2_PSM_TGA.csv,10.5258/SOTON/D2004
PSM,62.467,94.76882,2_PSM_TGA.csv,10.5258/SOTON/D2004
PSM,63.467,94.64365,2_PSM_TGA.csv,10.5258/SOTON/D2004
PSM,64.467,94.52318,2_PSM_TGA.csv,10.5258/SOTON/D2004
PSM,65.467,94.40508,2_PSM_TGA.csv,10.5258/SOTON/D2004
PSM,66.467,94.29878,2_PSM_TGA.csv,10.5258/SOTON/D2004
PSM,67.467,94.18371,2_PSM_TGA.csv,10.5258/SOTON/D2004
PSM,68.467,94.06405,2_PSM_TGA.csv,10.5258/SOTON/D2004
PSM,69.467,93.94849,2_PSM_TGA.csv,10.5258/SOTON/D2004
PSM,70.467,93.84243,2_PSM_TGA.csv,10.5258/SOTON/D2004
PSM,71.467,93.74098,2_PSM_TGA.csv,10.5258/SOTON/D2004
PSM,72.467,93.63024,2_PSM_TGA.csv,10.5258/SOTON/D2004
PSM,73.467,93.52824,2_PSM_TGA.csv,10.5258/SOTON/D2004
PSM,74.467,93.41979,2_PSM_TGA.csv,10.5258/SOTON/D2004
PSM,75.467,93.32616,2_PSM_TGA.csv,10.5258/SOTON/D2004
PSM,76.467,93.23708,2_PSM_TGA.csv,10.5258/SOTON/D2004
PSM,77.467,93.13631,2_PSM_TGA.csv,10.5258/SOTON/D2004
PSM,78.467,93.05741,2_PSM_TGA.csv,10.5258/SOTON/D2004
PSM,79.467,92.96748,2_PSM_TGA.csv,10.5258/SOTON/D2004
PSM,80.467,92.87235,2_PSM_TGA.csv,10.5258/SOTON/D2004
PSM,81.467,92.77572,2_PSM_TGA.csv,10.5258/SOTON/D2004
PSM,82.467,92.69615,2_PSM_TGA.csv,10.5258/SOTON/D2004
PSM,83.467,92.61936,2_PSM_TGA.csv,10.5258/SOTON/D2004
PSM,84.467,92.54996,2_PSM_TGA.csv,10.5258/SOTON/D2004
PSM,85.467,92.47421,2_PSM_TGA.csv,10.5258/SOTON/D2004
PSM,86.467,92.39681,2_PSM_TGA.csv,10.5258/SOTON/D2004
PSM,87.467,92.32848,2_PSM_TGA.csv,10.5258/SOTON/D2004
PSM,88.467,92.24944,2_PSM_TGA.csv,10.5258/SOTON/D2004
PSM,89.467,92.17267,2_PSM_TGA.csv,10.5258/SOTON/D2004
PSM,90.467,92.10406,2_PSM_TGA.csv,10.5258/SOTON/D2004
PSM,91.467,92.03511,2_PSM_TGA.csv,10.5258/SOTON/D2004
PSM,92.467,91.95391,2_PSM_TGA.csv,10.5258/SOTON/D2004
PSM,93.467,91.88233,2_PSM_TGA.csv,10.5258/SOTON/D2004
PSM,94.467,91.81633,2_PSM_TGA.csv,10.5258/SOTON/D2004
PSM,95.467,91.74382,2_PSM_TGA.csv,10.5258/SOTON/D2004
PSM,96.467,91.67381,2_PSM_TGA.csv,10.5258/SOTON/D2004
PSM,97.467,91.59657,2_PSM_TGA.csv,10.5258/SOTON/D2004
PSM,98.467,91.53344,2_PSM_TGA.csv,10.5258/SOTON/D2004
PSM,99.467,91.46545,2_PSM_TGA.csv,10.5258/SOTON/D2004
PSM,100.467,91.39384,2_PSM_TGA.csv,10.5258/SOTON/D2004
PSM,101.467,91.32276,2_PSM_TGA.csv,10.5258/SOTON/D2004
PSM,102.467,91.24489,2_PSM_TGA.csv,10.5258/SOTON/D2004
PSM,103.467,91.19069,2_PSM_TGA.csv,10.5258/SOTON/D2004
PSM,104.467,91.11285,2_PSM_TGA.csv,10.5258/SOTON/D2004
PSM,105.467,91.03946,2_PSM_TGA.csv,10.5258/SOTON/D2004
PSM,106.467,90.97008,2_PSM_TGA.csv,10.5258/SOTON/D2004
PSM,107.467,90.8946,2_PSM_TGA.csv,10.5258/SOTON/D2004
PSM,108.467,90.81473,2_PSM_TGA.csv,10.5258/SOTON/D2004
PSM,109.467,90.75428,2_PSM_TGA.csv,10.5258/SOTON/D2004
PSM,110.467,90.68241,2_PSM_TGA.csv,10.5258/SOTON/D2004
PSM,111.467,90.59976,2_PSM_TGA.csv,10.5258/SOTON/D2004
PSM,112.467,90.52746,2_PSM_TGA.csv,10.5258/SOTON/D2004
PSM,113.467,90.45892,2_PSM_TGA.csv,10.5258/SOTON/D2004
PSM,114.467,90.37891,2_PSM_TGA.csv,10.5258/SOTON/D2004
PSM,115.467,90.31774,2_PSM_TGA.csv,10.5258/SOTON/D2004
PSM,116.467,90.24928,2_PSM_TGA.csv,10.5258/SOTON/D2004
PSM,117.467,90.18132,2_PSM_TGA.csv,10.5258/SOTON/D2004
PSM,118.467,90.10781,2_PSM_TGA.csv,10.5258/SOTON/D2004
PSM,119.467,90.03696,2_PSM_TGA.csv,10.5258/SOTON/D2004
PSM,120.467,89.97443,2_PSM_TGA.csv,10.5258/SOTON/D2004
PSM,121.467,89.90344,2_PSM_TGA.csv,10.5258/SOTON/D2004
PSM,122.467,89.83602,2_PSM_TGA.csv,10.5258/SOTON/D2004
PSM,123.467,89.76305,2_PSM_TGA.csv,10.5258/SOTON/D2004
PSM,124.467,89.70544,2_PSM_TGA.csv,10.5258/SOTON/D2004
PSM,125.467,89.63999,2_PSM_TGA.csv,10.5258/SOTON/D2004
PSM,126.467,89.57741,2_PSM_TGA.csv,10.5258/SOTON/D2004
PSM,127.467,89.51979,2_PSM_TGA.csv,10.5258/SOTON/D2004
PSM,128.467,89.45583,2_PSM_TGA.csv,10.5258/SOTON/D2004
PSM,129.467,89.39638,2_PSM_TGA.csv,10.5258/SOTON/D2004
PSM,130.467,89.33161,2_PSM_TGA.csv,10.5258/SOTON/D2004
PSM,131.467,89.27126,2_PSM_TGA.csv,10.5258/SOTON/D2004
PSM,132.467,89.21279,2_PSM_TGA.csv,10.5258/SOTON/D2004
PSM,133.467,89.1529,2_PSM_TGA.csv,10.5258/SOTON/D2004
PSM,134.467,89.09736,2_PSM_TGA.csv,10.5258/SOTON/D2004
PSM,135.467,89.0363,2_PSM_TGA.csv,10.5258/SOTON/D2004
PSM,136.467,88.98158,2_PSM_TGA.csv,10.5258/SOTON/D2004
PSM,137.467,88.92703,2_PSM_TGA.csv,10.5258/SOTON/D2004
PSM,138.467,88.8726,2_PSM_TGA.csv,10.5258/SOTON/D2004
PSM,139.467,88.81711,2_PSM_TGA.csv,10.5258/SOTON/D2004
PSM,140.467,88.74558,2_PSM_TGA.csv,10.5258/SOTON/D2004
PSM,141.467,88.7094,2_PSM_TGA.csv,10.5258/SOTON/D2004
PSM,142.467,88.66288,2_PSM_TGA.csv,10.5258/SOTON/D2004
PSM,143.467,88.6063,2_PSM_TGA.csv,10.5258/SOTON/D2004
PSM,144.467,88.55434,2_PSM_TGA.csv,10.5258/SOTON/D2004
PSM,145.467,88.5045,2_PSM_TGA.csv,10.5258/SOTON/D2004
PSM,146.467,88.44974,2_PSM_TGA.csv,10.5258/SOTON/D2004
PSM,147.467,88.39942,2_PSM_TGA.csv,10.5258/SOTON/D2004
PSM,148.467,88.34019,2_PSM_TGA.csv,10.5258/SOTON/D2004
PSM,149.467,88.30503,2_PSM_TGA.csv,10.5258/SOTON/D2004
PSM,150.467,88.26481,2_PSM_TGA.csv,10.5258/SOTON/D2004
PSM,151.467,88.216,2_PSM_TGA.csv,10.5258/SOTON/D2004
PSM,152.467,88.17033,2_PSM_TGA.csv,10.5258/SOTON/D2004
PSM,153.467,88.11719,2_PSM_TGA.csv,10.5258/SOTON/D2004
PSM,154.467,88.07223,2_PSM_TGA.csv,10.5258/SOTON/D2004
PSM,155.467,88.02802,2_PSM_TGA.csv,10.5258/SOTON/D2004
PSM,156.467,87.98461,2_PSM_TGA.csv,10.5258/SOTON/D2004
PSM,157.467,87.93202,2_PSM_TGA.csv,10.5258/SOTON/D2004
PSM,158.467,87.88446,2_PSM_TGA.csv,10.5258/SOTON/D2004
PSM,159.467,87.83858,2_PSM_TGA.csv,10.5258/SOTON/D2004
PSM,160.467,87.80642,2_PSM_TGA.csv,10.5258/SOTON/D2004
PSM,161.467,87.75899,2_PSM_TGA.csv,10.5258/SOTON/D2004
PSM,162.467,87.71583,2_PSM_TGA.csv,10.5258/SOTON/D2004
PSM,163.467,87.68626,2_PSM_TGA.csv,10.5258/SOTON/D2004
PSM,164.467,87.64055,2_PSM_TGA.csv,10.5258/SOTON/D2004
PSM,165.467,87.59091,2_PSM_TGA.csv,10.5258/SOTON/D2004
PSM,166.467,87.55629,2_PSM_TGA.csv,10.5258/SOTON/D2004
PSM,167.467,87.51598,2_PSM_TGA.csv,10.5258/SOTON/D2004
PSM,168.467,87.47446,2_PSM_TGA.csv,10.5258/SOTON/D2004
PSM,169.467,87.44245,2_PSM_TGA.csv,10.5258/SOTON/D2004
PSM,170.467,87.40336,2_PSM_TGA.csv,10.5258/SOTON/D2004
PSM,171.467,87.35686,2_PSM_TGA.csv,10.5258/SOTON/D2004
PSM,172.467,87.31705,2_PSM_TGA.csv,10.5258/SOTON/D2004
PSM,173.467,87.27686,2_PSM_TGA.csv,10.5258/SOTON/D2004
PSM,174.467,87.24216,2_PSM_TGA.csv,10.5258/SOTON/D2004
PSM,175.467,87.20201,2_PSM_TGA.csv,10.5258/SOTON/D2004
PSM,176.467,87.16252,2_PSM_TGA.csv,10.5258/SOTON/D2004
PSM,177.467,87.12159,2_PSM_TGA.csv,10.5258/SOTON/D2004
PSM,178.467,87.09123,2_PSM_TGA.csv,10.5258/SOTON/D2004
PSM,179.467,87.06343,2_PSM_TGA.csv,10.5258/SOTON/D2004
PSM,180.467,87.0238,2_PSM_TGA.csv,10.5258/SOTON/D2004
PSM,181.467,86.97942,2_PSM_TGA.csv,10.5258/SOTON/D2004
PSM,182.467,86.9493,2_PSM_TGA.csv,10.5258/SOTON/D2004
PSM,183.467,86.90872,2_PSM_TGA.csv,10.5258/SOTON/D2004
PSM,184.467,86.87889,2_PSM_TGA.csv,10.5258/SOTON/D2004
PSM,185.467,86.85683,2_PSM_TGA.csv,10.5258/SOTON/D2004
PSM,186.467,86.83626,2_PSM_TGA.csv,10.5258/SOTON/D2004
PSM,187.467,86.79337,2_PSM_TGA.csv,10.5258/SOTON/D2004
PSM,188.467,86.74923,2_PSM_TGA.csv,10.5258/SOTON/D2004
PSM,189.467,86.69961,2_PSM_TGA.csv,10.5258/SOTON/D2004
PSM,190.467,86.66778,2_PSM_TGA.csv,10.5258/SOTON/D2004
PSM,191.467,86.63242,2_PSM_TGA.csv,10.5258/SOTON/D2004
PSM,192.467,86.60722,2_PSM_TGA.csv,10.5258/SOTON/D2004
PSM,193.467,86.57763,2_PSM_TGA.csv,10.5258/SOTON/D2004
PSM,194.467,86.5351,2_PSM_TGA.csv,10.5258/SOTON/D2004
PSM,195.467,86.49147,2_PSM_TGA.csv,10.5258/SOTON/D2004
PSM,196.467,86.45203,2_PSM_TGA.csv,10.5258/SOTON/D2004
PSM,197.467,86.4152,2_PSM_TGA.csv,10.5258/SOTON/D2004
PSM,198.467,86.37206,2_PSM_TGA.csv,10.5258/SOTON/D2004
PSM,199.467,86.3482,2_PSM_TGA.csv,10.5258/SOTON/D2004
PSM,200.467,86.30908,2_PSM_TGA.csv,10.5258/SOTON/D2004
PSM,201.467,86.27124,2_PSM_TGA.csv,10.5258/SOTON/D2004
PSM,202.467,86.24075,2_PSM_TGA.csv,10.5258/SOTON/D2004
PSM,203.467,86.2002,2_PSM_TGA.csv,10.5258/SOTON/D2004
PSM,204.467,86.16723,2_PSM_TGA.csv,10.5258/SOTON/D2004
PSM,205.467,86.13304,2_PSM_TGA.csv,10.5258/SOTON/D2004
PSM,206.467,86.10448,2_PSM_TGA.csv,10.5258/SOTON/D2004
PSM,207.467,86.04903,2_PSM_TGA.csv,10.5258/SOTON/D2004
PSM,208.467,86.0166,2_PSM_TGA.csv,10.5258/SOTON/D2004
PSM,209.467,85.9768,2_PSM_TGA.csv,10.5258/SOTON/D2004
PSM,210.467,85.9331,2_PSM_TGA.csv,10.5258/SOTON/D2004
PSM,211.467,85.88953,2_PSM_TGA.csv,10.5258/SOTON/D2004
PSM,212.467,85.85004,2_PSM_TGA.csv,10.5258/SOTON/D2004
PSM,213.467,85.80701,2_PSM_TGA.csv,10.5258/SOTON/D2004
PSM,214.467,85.75258,2_PSM_TGA.csv,10.5258/SOTON/D2004
PSM,215.467,85.71256,2_PSM_TGA.csv,10.5258/SOTON/D2004
PSM,216.467,85.67697,2_PSM_TGA.csv,10.5258/SOTON/D2004
PSM,217.467,85.64883,2_PSM_TGA.csv,10.5258/SOTON/D2004
PSM,218.467,85.5905,2_PSM_TGA.csv,10.5258/SOTON/D2004
PSM,219.467,85.53611,2_PSM_TGA.csv,10.5258/SOTON/D2004
PSM,220.467,85.49023,2_PSM_TGA.csv,10.5258/SOTON/D2004
PSM,221.467,85.43393,2_PSM_TGA.csv,10.5258/SOTON/D2004
PSM,222.467,85.38235,2_PSM_TGA.csv,10.5258/SOTON/D2004
PSM,223.467,85.33095,2_PSM_TGA.csv,10.5258/SOTON/D2004
PSM,224.467,85.27563,2_PSM_TGA.csv,10.5258/SOTON/D2004
PSM,225.467,85.22118,2_PSM_TGA.csv,10.5258/SOTON/D2004
PSM,226.467,85.15993,2_PSM_TGA.csv,10.5258/SOTON/D2004
PSM,227.467,85.09885,2_PSM_TGA.csv,10.5258/SOTON/D2004
PSM,228.467,85.04359,2_PSM_TGA.csv,10.5258/SOTON/D2004
PSM,229.467,84.99646,2_PSM_TGA.csv,10.5258/SOTON/D2004
PSM,230.467,84.94119,2_PSM_TGA.csv,10.5258/SOTON/D2004
PSM,231.467,84.867,2_PSM_TGA.csv,10.5258/SOTON/D2004
PSM,232.467,84.80769,2_PSM_TGA.csv,10.5258/SOTON/D2004
PSM,233.467,84.76362,2_PSM_TGA.csv,10.5258/SOTON/D2004
PSM,234.467,84.68916,2_PSM_TGA.csv,10.5258/SOTON/D2004
PSM,235.467,84.61118,2_PSM_TGA.csv,10.5258/SOTON/D2004
PSM,236.467,84.56314,2_PSM_TGA.csv,10.5258/SOTON/D2004
PSM,237.467,84.50009,2_PSM_TGA.csv,10.5258/SOTON/D2004
PSM,238.467,84.43532,2_PSM_TGA.csv,10.5258/SOTON/D2004
PSM,239.467,84.36826,2_PSM_TGA.csv,10.5258/SOTON/D2004
PSM,240.467,84.30131,2_PSM_TGA.csv,10.5258/SOTON/D2004
PSM,241.467,84.23127,2_PSM_TGA.csv,10.5258/SOTON/D2004
PSM,242.467,84.15992,2_PSM_TGA.csv,10.5258/SOTON/D2004
PSM,243.467,84.09237,2_PSM_TGA.csv,10.5258/SOTON/D2004
PSM,244.467,84.02098,2_PSM_TGA.csv,10.5258/SOTON/D2004
PSM,245.467,83.95683,2_PSM_TGA.csv,10.5258/SOTON/D2004
PSM,246.467,83.88498,2_PSM_TGA.csv,10.5258/SOTON/D2004
PSM,247.467,83.81521,2_PSM_TGA.csv,10.5258/SOTON/D2004
PSM,248.467,83.73371,2_PSM_TGA.csv,10.5258/SOTON/D2004
PSM,249.467,83.66636,2_PSM_TGA.csv,10.5258/SOTON/D2004
PSM,250.467,83.59815,2_PSM_TGA.csv,10.5258/SOTON/D2004
PSM,251.467,83.52633,2_PSM_TGA.csv,10.5258/SOTON/D2004
PSM,252.467,83.44784,2_PSM_TGA.csv,10.5258/SOTON/D2004
PSM,253.467,83.37081,2_PSM_TGA.csv,10.5258/SOTON/D2004
PSM,254.467,83.29933,2_PSM_TGA.csv,10.5258/SOTON/D2004
PSM,255.467,83.22734,2_PSM_TGA.csv,10.5258/SOTON/D2004
PSM,256.467,83.15629,2_PSM_TGA.csv,10.5258/SOTON/D2004
PSM,257.467,83.08713,2_PSM_TGA.csv,10.5258/SOTON/D2004
PSM,258.467,83.02321,2_PSM_TGA.csv,10.5258/SOTON/D2004
PSM,259.467,82.94473,2_PSM_TGA.csv,10.5258/SOTON/D2004
PSM,260.467,82.863,2_PSM_TGA.csv,10.5258/SOTON/D2004
PSM,261.467,82.78744,2_PSM_TGA.csv,10.5258/SOTON/D2004
PSM,262.467,82.7097,2_PSM_TGA.csv,10.5258/SOTON/D2004
PSM,263.467,82.6394,2_PSM_TGA.csv,10.5258/SOTON/D2004
PSM,264.467,82.57253,2_PSM_TGA.csv,10.5258/SOTON/D2004
PSM,265.467,82.49915,2_PSM_TGA.csv,10.5258/SOTON/D2004
PSM,266.467,82.42644,2_PSM_TGA.csv,10.5258/SOTON/D2004
PSM,267.467,82.35347,2_PSM_TGA.csv,10.5258/SOTON/D2004
PSM,268.467,82.28007,2_PSM_TGA.csv,10.5258/SOTON/D2004
PSM,269.467,82.20221,2_PSM_TGA.csv,10.5258/SOTON/D2004
PSM,270.467,82.1311,2_PSM_TGA.csv,10.5258/SOTON/D2004
PSM,271.467,82.06855,2_PSM_TGA.csv,10.5258/SOTON/D2004
PSM,272.467,81.99829,2_PSM_TGA.csv,10.5258/SOTON/D2004
PSM,273.467,81.92514,2_PSM_TGA.csv,10.5258/SOTON/D2004
PSM,274.467,81.85804,2_PSM_TGA.csv,10.5258/SOTON/D2004
PSM,275.467,81.78564,2_PSM_TGA.csv,10.5258/SOTON/D2004
PSM,276.467,81.71721,2_PSM_TGA.csv,10.5258/SOTON/D2004
PSM,277.467,81.65559,2_PSM_TGA.csv,10.5258/SOTON/D2004
PSM,278.467,81.58336,2_PSM_TGA.csv,10.5258/SOTON/D2004
PSM,279.467,81.51274,2_PSM_TGA.csv,10.5258/SOTON/D2004
PSM,280.467,81.41847,2_PSM_TGA.csv,10.5258/SOTON/D2004
PSM,281.467,81.36517,2_PSM_TGA.csv,10.5258/SOTON/D2004
PSM,282.467,81.28374,2_PSM_TGA.csv,10.5258/SOTON/D2004
PSM,283.467,81.22964,2_PSM_TGA.csv,10.5258/SOTON/D2004
PSM,284.467,81.17075,2_PSM_TGA.csv,10.5258/SOTON/D2004
PSM,285.467,81.10991,2_PSM_TGA.csv,10.5258/SOTON/D2004
PSM,286.467,81.04574,2_PSM_TGA.csv,10.5258/SOTON/D2004
PSM,287.467,80.97415,2_PSM_TGA.csv,10.5258/SOTON/D2004
PSM,288.467,80.89899,2_PSM_TGA.csv,10.5258/SOTON/D2004
PSM,289.467,80.82588,2_PSM_TGA.csv,10.5258/SOTON/D2004
PSM,290.467,80.77861,2_PSM_TGA.csv,10.5258/SOTON/D2004
PSM,291.467,80.72209,2_PSM_TGA.csv,10.5258/SOTON/D2004
PSM,292.467,80.65211,2_PSM_TGA.csv,10.5258/SOTON/D2004
PSM,293.467,80.58586,2_PSM_TGA.csv,10.5258/SOTON/D2004
PSM,294.467,80.52308,2_PSM_TGA.csv,10.5258/SOTON/D2004
PSM,295.467,80.45347,2_PSM_TGA.csv,10.5258/SOTON/D2004
PSM,296.467,80.38456,2_PSM_TGA.csv,10.5258/SOTON/D2004
PSM,297.467,80.3227,2_PSM_TGA.csv,10.5258/SOTON/D2004
PSM,298.467,80.2606,2_PSM_TGA.csv,10.5258/SOTON/D2004
PSM,299.467,80.2001,2_PSM_TGA.csv,10.5258/SOTON/D2004
PSM,300.467,80.13771,2_PSM_TGA.csv,10.5258/SOTON/D2004
PSM,301.467,80.06905,2_PSM_TGA.csv,10.5258/SOTON/D2004
PSM,302.467,80.00891,2_PSM_TGA.csv,10.5258/SOTON/D2004
PSM,303.467,79.94759,2_PSM_TGA.csv,10.5258/SOTON/D2004
PSM,304.467,79.87569,2_PSM_TGA.csv,10.5258/SOTON/D2004
PSM,305.467,79.80968,2_PSM_TGA.csv,10.5258/SOTON/D2004
PSM,306.467,79.73994,2_PSM_TGA.csv,10.5258/SOTON/D2004
PSM,307.467,79.68943,2_PSM_TGA.csv,10.5258/SOTON/D2004
PSM,308.467,79.62447,2_PSM_TGA.csv,10.5258/SOTON/D2004
PSM,309.467,79.5691,2_PSM_TGA.csv,10.5258/SOTON/D2004
PSM,310.467,79.50205,2_PSM_TGA.csv,10.5258/SOTON/D2004
PSM,311.467,79.43349,2_PSM_TGA.csv,10.5258/SOTON/D2004
PSM,312.467,79.3687,2_PSM_TGA.csv,10.5258/SOTON/D2004
PSM,313.467,79.29144,2_PSM_TGA.csv,10.5258/SOTON/D2004
PSM,314.467,79.23171,2_PSM_TGA.csv,10.5258/SOTON/D2004
PSM,315.467,79.17219,2_PSM_TGA.csv,10.5258/SOTON/D2004
PSM,316.467,79.08122,2_PSM_TGA.csv,10.5258/SOTON/D2004
PSM,317.467,79.02504,2_PSM_TGA.csv,10.5258/SOTON/D2004
PSM,318.467,78.95833,2_PSM_TGA.csv,10.5258/SOTON/D2004
PSM,319.467,78.89079,2_PSM_TGA.csv,10.5258/SOTON/D2004
PSM,320.467,78.81666,2_PSM_TGA.csv,10.5258/SOTON/D2004
PSM,321.467,78.73758,2_PSM_TGA.csv,10.5258/SOTON/D2004
PSM,322.467,78.6674,2_PSM_TGA.csv,10.5258/SOTON/D2004
PSM,323.467,78.592,2_PSM_TGA.csv,10.5258/SOTON/D2004
PSM,324.467,78.50308,2_PSM_TGA.csv,10.5258/SOTON/D2004
PSM,325.467,78.43618,2_PSM_TGA.csv,10.5258/SOTON/D2004
PSM,326.467,78.36951,2_PSM_TGA.csv,10.5258/SOTON/D2004
PSM,327.467,78.31248,2_PSM_TGA.csv,10.5258/SOTON/D2004
PSM,328.467,78.22998,2_PSM_TGA.csv,10.5258/SOTON/D2004
PSM,329.467,78.14794,2_PSM_TGA.csv,10.5258/SOTON/D2004
PSM,330.467,78.06408,2_PSM_TGA.csv,10.5258/SOTON/D2004
PSM,331.467,77.97772,2_PSM_TGA.csv,10.5258/SOTON/D2004
PSM,332.467,77.89385,2_PSM_TGA.csv,10.5258/SOTON/D2004
PSM,333.467,77.80756,2_PSM_TGA.csv,10.5258/SOTON/D2004
PSM,334.467,77.71193,2_PSM_TGA.csv,10.5258/SOTON/D2004
PSM,335.467,77.62928,2_PSM_TGA.csv,10.5258/SOTON/D2004
PSM,336.467,77.54202,2_PSM_TGA.csv,10.5258/SOTON/D2004
PSM,337.467,77.45957,2_PSM_TGA.csv,10.5258/SOTON/D2004
PSM,338.467,77.36921,2_PSM_TGA.csv,10.5258/SOTON/D2004
PSM,339.467,77.27931,2_PSM_TGA.csv,10.5258/SOTON/D2004
PSM,340.467,77.18478,2_PSM_TGA.csv,10.5258/SOTON/D2004
PSM,341.467,77.08704,2_PSM_TGA.csv,10.5258/SOTON/D2004
PSM,342.467,76.98581,2_PSM_TGA.csv,10.5258/SOTON/D2004
PSM,343.467,76.87881,2_PSM_TGA.csv,10.5258/SOTON/D2004
PSM,344.467,76.7675,2_PSM_TGA.csv,10.5258/SOTON/D2004
PSM,345.467,76.66918,2_PSM_TGA.csv,10.5258/SOTON/D2004
PSM,346.467,76.56724,2_PSM_TGA.csv,10.5258/SOTON/D2004
PSM,347.467,76.44972,2_PSM_TGA.csv,10.5258/SOTON/D2004
PSM,348.467,76.33304,2_PSM_TGA.csv,10.5258/SOTON/D2004
PSM,349.467,76.21648,2_PSM_TGA.csv,10.5258/SOTON/D2004
PSM,350.467,76.10818,2_PSM_TGA.csv,10.5258/SOTON/D2004
PSM,351.467,75.99348,2_PSM_TGA.csv,10.5258/SOTON/D2004
PSM,352.467,75.87595,2_PSM_TGA.csv,10.5258/SOTON/D2004
PSM,353.467,75.74864,2_PSM_TGA.csv,10.5258/SOTON/D2004
PSM,354.467,75.62837,2_PSM_TGA.csv,10.5258/SOTON/D2004
PSM,355.467,75.49647,2_PSM_TGA.csv,10.5258/SOTON/D2004
PSM,356.467,75.36629,2_PSM_TGA.csv,10.5258/SOTON/D2004
PSM,357.467,75.22447,2_PSM_TGA.csv,10.5258/SOTON/D2004
PSM,358.467,75.08034,2_PSM_TGA.csv,10.5258/SOTON/D2004
PSM,359.467,74.94594,2_PSM_TGA.csv,10.5258/SOTON/D2004
PSM,360.467,74.8161,2_PSM_TGA.csv,10.5258/SOTON/D2004
PSM,361.467,74.64662,2_PSM_TGA.csv,10.5258/SOTON/D2004
PSM,362.467,74.49883,2_PSM_TGA.csv,10.5258/SOTON/D2004
PSM,363.467,74.35594,2_PSM_TGA.csv,10.5258/SOTON/D2004
PSM,364.467,74.1975,2_PSM_TGA.csv,10.5258/SOTON/D2004
PSM,365.467,74.04062,2_PSM_TGA.csv,10.5258/SOTON/D2004
PSM,366.467,73.87407,2_PSM_TGA.csv,10.5258/SOTON/D2004
PSM,367.467,73.70707,2_PSM_TGA.csv,10.5258/SOTON/D2004
PSM,368.467,73.5396,2_PSM_TGA.csv,10.5258/SOTON/D2004
PSM,369.467,73.37403,2_PSM_TGA.csv,10.5258/SOTON/D2004
PSM,370.467,73.20153,2_PSM_TGA.csv,10.5258/SOTON/D2004
PSM,371.467,73.02061,2_PSM_TGA.csv,10.5258/SOTON/D2004
PSM,372.467,72.84221,2_PSM_TGA.csv,10.5258/SOTON/D2004
PSM,373.467,72.64792,2_PSM_TGA.csv,10.5258/SOTON/D2004
PSM,374.467,72.46951,2_PSM_TGA.csv,10.5258/SOTON/D2004
PSM,375.467,72.29455,2_PSM_TGA.csv,10.5258/SOTON/D2004
PSM,376.467,72.10805,2_PSM_TGA.csv,10.5258/SOTON/D2004
PSM,377.467,71.90489,2_PSM_TGA.csv,10.5258/SOTON/D2004
PSM,378.467,71.70455,2_PSM_TGA.csv,10.5258/SOTON/D2004
PSM,379.467,71.50083,2_PSM_TGA.csv,10.5258/SOTON/D2004
PSM,380.467,71.29586,2_PSM_TGA.csv,10.5258/SOTON/D2004
PSM,381.467,71.09133,2_PSM_TGA.csv,10.5258/SOTON/D2004
PSM,382.467,70.88007,2_PSM_TGA.csv,10.5258/SOTON/D2004
PSM,383.467,70.6776,2_PSM_TGA.csv,10.5258/SOTON/D2004
PSM,384.467,70.462,2_PSM_TGA.csv,10.5258/SOTON/D2004
PSM,385.467,70.23123,2_PSM_TGA.csv,10.5258/SOTON/D2004
PSM,386.467,70.01653,2_PSM_TGA.csv,10.5258/SOTON/D2004
PSM,387.467,69.80377,2_PSM_TGA.csv,10.5258/SOTON/D2004
PSM,388.467,69.56044,2_PSM_TGA.csv,10.5258/SOTON/D2004
PSM,389.467,69.33363,2_PSM_TGA.csv,10.5258/SOTON/D2004
PSM,390.467,69.10369,2_PSM_TGA.csv,10.5258/SOTON/D2004
PSM,391.467,68.88098,2_PSM_TGA.csv,10.5258/SOTON/D2004
PSM,392.467,68.64751,2_PSM_TGA.csv,10.5258/SOTON/D2004
PSM,393.467,68.41871,2_PSM_TGA.csv,10.5258/SOTON/D2004
PSM,394.467,68.18464,2_PSM_TGA.csv,10.5258/SOTON/D2004
PSM,395.467,67.94424,2_PSM_TGA.csv,10.5258/SOTON/D2004
PSM,396.467,67.70448,2_PSM_TGA.csv,10.5258/SOTON/D2004
PSM,397.467,67.45312,2_PSM_TGA.csv,10.5258/SOTON/D2004
PSM,398.467,67.20438,2_PSM_TGA.csv,10.5258/SOTON/D2004
PSM,399.467,66.95109,2_PSM_TGA.csv,10.5258/SOTON/D2004
PSM,400.467,66.70396,2_PSM_TGA.csv,10.5258/SOTON/D2004
PSM,401.467,66.44997,2_PSM_TGA.csv,10.5258/SOTON/D2004
PSM,402.467,66.19632,2_PSM_TGA.csv,10.5258/SOTON/D2004
PSM,403.467,65.94198,2_PSM_TGA.csv,10.5258/SOTON/D2004
PSM,404.467,65.68051,2_PSM_TGA.csv,10.5258/SOTON/D2004
PSM,405.467,65.42309,2_PSM_TGA.csv,10.5258/SOTON/D2004
PSM,406.467,65.16553,2_PSM_TGA.csv,10.5258/SOTON/D2004
PSM,407.467,64.89209,2_PSM_TGA.csv,10.5258/SOTON/D2004
PSM,408.467,64.62624,2_PSM_TGA.csv,10.5258/SOTON/D2004
PSM,409.467,64.35789,2_PSM_TGA.csv,10.5258/SOTON/D2004
PSM,410.467,64.08579,2_PSM_TGA.csv,10.5258/SOTON/D2004
PSM,411.467,63.8181,2_PSM_TGA.csv,10.5258/SOTON/D2004
PSM,412.467,63.53694,2_PSM_TGA.csv,10.5258/SOTON/D2004
PSM,413.467,63.1328,2_PSM_TGA.csv,10.5258/SOTON/D2004
PSM,414.467,62.92817,2_PSM_TGA.csv,10.5258/SOTON/D2004
PSM,415.467,62.66702,2_PSM_TGA.csv,10.5258/SOTON/D2004
PSM,416.467,62.38317,2_PSM_TGA.csv,10.5258/SOTON/D2004
PSM,417.467,62.02274,2_PSM_TGA.csv,10.5258/SOTON/D2004
PSM,418.467,61.78978,2_PSM_TGA.csv,10.5258/SOTON/D2004
PSM,419.467,61.41243,2_PSM_TGA.csv,10.5258/SOTON/D2004
PSM,420.467,61.17272,2_PSM_TGA.csv,10.5258/SOTON/D2004
PSM,421.467,60.90683,2_PSM_TGA.csv,10.5258/SOTON/D2004
PSM,422.467,60.53097,2_PSM_TGA.csv,10.5258/SOTON/D2004
PSM,423.467,60.27367,2_PSM_TGA.csv,10.5258/SOTON/D2004
PSM,424.467,59.89611,2_PSM_TGA.csv,10.5258/SOTON/D2004
PSM,425.467,59.67533,2_PSM_TGA.csv,10.5258/SOTON/D2004
PSM,426.467,59.26899,2_PSM_TGA.csv,10.5258/SOTON/D2004
PSM,427.467,59.05181,2_PSM_TGA.csv,10.5258/SOTON/D2004
PSM,428.467,58.63815,2_PSM_TGA.csv,10.5258/SOTON/D2004
PSM,429.467,58.40382,2_PSM_TGA.csv,10.5258/SOTON/D2004
PSM,430.467,57.9813,2_PSM_TGA.csv,10.5258/SOTON/D2004
PSM,431.467,57.75099,2_PSM_TGA.csv,10.5258/SOTON/D2004
PSM,432.467,57.3038,2_PSM_TGA.csv,10.5258/SOTON/D2004
PSM,433.467,57.08922,2_PSM_TGA.csv,10.5258/SOTON/D2004
PSM,434.467,56.69507,2_PSM_TGA.csv,10.5258/SOTON/D2004
PSM,435.467,56.4581,2_PSM_TGA.csv,10.5258/SOTON/D2004
PSM,436.467,56.05837,2_PSM_TGA.csv,10.5258/SOTON/D2004
PSM,437.467,55.78386,2_PSM_TGA.csv,10.5258/SOTON/D2004
PSM,438.467,55.3869,2_PSM_TGA.csv,10.5258/SOTON/D2004
PSM,439.467,55.11098,2_PSM_TGA.csv,10.5258/SOTON/D2004
PSM,440.467,54.69218,2_PSM_TGA.csv,10.5258/SOTON/D2004
PSM,441.467,54.29336,2_PSM_TGA.csv,10.5258/SOTON/D2004
PSM,442.467,54.02394,2_PSM_TGA.csv,10.5258/SOTON/D2004
PSM,443.467,53.59292,2_PSM_TGA.csv,10.5258/SOTON/D2004
PSM,444.467,53.34886,2_PSM_TGA.csv,10.5258/SOTON/D2004
PSM,445.467,52.91832,2_PSM_TGA.csv,10.5258/SOTON/D2004
PSM,446.467,52.67756,2_PSM_TGA.csv,10.5258/SOTON/D2004
PSM,447.467,52.24855,2_PSM_TGA.csv,10.5258/SOTON/D2004
PSM,448.467,51.97775,2_PSM_TGA.csv,10.5258/SOTON/D2004
PSM,449.467,51.59832,2_PSM_TGA.csv,10.5258/SOTON/D2004
PSM,450.467,51.33295,2_PSM_TGA.csv,10.5258/SOTON/D2004
PSM,451.467,50.94548,2_PSM_TGA.csv,10.5258/SOTON/D2004
PSM,452.467,50.61947,2_PSM_TGA.csv,10.5258/SOTON/D2004
PSM,453.467,50.29609,2_PSM_TGA.csv,10.5258/SOTON/D2004
PSM,454.467,50.02618,2_PSM_TGA.csv,10.5258/SOTON/D2004
PSM,455.467,49.64227,2_PSM_TGA.csv,10.5258/SOTON/D2004
PSM,456.467,49.3994,2_PSM_TGA.csv,10.5258/SOTON/D2004
PSM,457.467,49.11324,2_PSM_TGA.csv,10.5258/SOTON/D2004
PSM,458.467,48.75491,2_PSM_TGA.csv,10.5258/SOTON/D2004
PSM,459.467,48.51589,2_PSM_TGA.csv,10.5258/SOTON/D2004
PSM,460.467,48.2404,2_PSM_TGA.csv,10.5258/SOTON/D2004
PSM,461.467,47.96949,2_PSM_TGA.csv,10.5258/SOTON/D2004
PSM,462.467,47.71702,2_PSM_TGA.csv,10.5258/SOTON/D2004
PSM,463.467,47.46682,2_PSM_TGA.csv,10.5258/SOTON/D2004
PSM,464.467,47.21433,2_PSM_TGA.csv,10.5258/SOTON/D2004
PSM,465.467,46.99893,2_PSM_TGA.csv,10.5258/SOTON/D2004
PSM,466.467,46.78443,2_PSM_TGA.csv,10.5258/SOTON/D2004
PSM,467.467,46.57658,2_PSM_TGA.csv,10.5258/SOTON/D2004
PSM,468.467,46.3967,2_PSM_TGA.csv,10.5258/SOTON/D2004
PSM,469.467,46.21377,2_PSM_TGA.csv,10.5258/SOTON/D2004
PSM,470.467,46.04635,2_PSM_TGA.csv,10.5258/SOTON/D2004
PSM,471.467,45.88685,2_PSM_TGA.csv,10.5258/SOTON/D2004
PSM,472.467,45.73217,2_PSM_TGA.csv,10.5258/SOTON/D2004
PSM,473.467,45.59677,2_PSM_TGA.csv,10.5258/SOTON/D2004
PSM,474.467,45.47604,2_PSM_TGA.csv,10.5258/SOTON/D2004
PSM,475.467,45.36128,2_PSM_TGA.csv,10.5258/SOTON/D2004
PSM,476.467,45.24885,2_PSM_TGA.csv,10.5258/SOTON/D2004
PSM,477.467,45.14014,2_PSM_TGA.csv,10.5258/SOTON/D2004
PSM,478.467,45.05162,2_PSM_TGA.csv,10.5258/SOTON/D2004
PSM,479.467,44.95386,2_PSM_TGA.csv,10.5258/SOTON/D2004
PSM,480.467,44.86711,2_PSM_TGA.csv,10.5258/SOTON/D2004
PSM,481.467,44.78165,2_PSM_TGA.csv,10.5258/SOTON/D2004
PSM,482.467,44.68793,2_PSM_TGA.csv,10.5258/SOTON/D2004
PSM,483.467,44.63923,2_PSM_TGA.csv,10.5258/SOTON/D2004
PSM,484.467,44.58544,2_PSM_TGA.csv,10.5258/SOTON/D2004
PSM,485.467,44.52866,2_PSM_TGA.csv,10.5258/SOTON/D2004
PSM,486.467,44.47748,2_PSM_TGA.csv,10.5258/SOTON/D2004
PSM,487.467,44.41892,2_PSM_TGA.csv,10.5258/SOTON/D2004
PSM,488.467,44.38033,2_PSM_TGA.csv,10.5258/SOTON/D2004
PSM,489.467,44.33166,2_PSM_TGA.csv,10.5258/SOTON/D2004
PSM,490.467,44.3204,2_PSM_TGA.csv,10.5258/SOTON/D2004
PSM,491.467,44.27896,2_PSM_TGA.csv,10.5258/SOTON/D2004
PSM,492.467,44.23197,2_PSM_TGA.csv,10.5258/SOTON/D2004
PSM,493.467,44.19964,2_PSM_TGA.csv,10.5258/SOTON/D2004
PSM,494.467,44.17947,2_PSM_TGA.csv,10.5258/SOTON/D2004
PSM,495.467,44.16058,2_PSM_TGA.csv,10.5258/SOTON/D2004
PSM,496.467,44.12905,2_PSM_TGA.csv,10.5258/SOTON/D2004
PSM,497.467,44.10499,2_PSM_TGA.csv,10.5258/SOTON/D2004
PSM,498.467,44.07246,2_PSM_TGA.csv,10.5258/SOTON/D2004
PSM,499.467,44.05783,2_PSM_TGA.csv,10.5258/SOTON/D2004
PSM,500.467,44.03051,2_PSM_TGA.csv,10.5258/SOTON/D2004
PSM,501.467,44.02973,2_PSM_TGA.csv,10.5258/SOTON/D2004
PSM,502.467,43.99909,2_PSM_TGA.csv,10.5258/SOTON/D2004
PSM,503.467,44.007,2_PSM_TGA.csv,10.5258/SOTON/D2004
PSM,504.467,43.9807,2_PSM_TGA.csv,10.5258/SOTON/D2004
PSM,505.467,43.95983,2_PSM_TGA.csv,10.5258/SOTON/D2004
PSM,506.467,43.98352,2_PSM_TGA.csv,10.5258/SOTON/D2004
PSM,507.467,43.96214,2_PSM_TGA.csv,10.5258/SOTON/D2004
PSM,508.467,43.94687,2_PSM_TGA.csv,10.5258/SOTON/D2004
PSM,509.467,43.93749,2_PSM_TGA.csv,10.5258/SOTON/D2004
PSM,510.467,43.92922,2_PSM_TGA.csv,10.5258/SOTON/D2004
PSM,511.467,43.92095,2_PSM_TGA.csv,10.5258/SOTON/D2004
PSM,512.467,43.91301,2_PSM_TGA.csv,10.5258/SOTON/D2004
PSM,513.467,43.90489,2_PSM_TGA.csv,10.5258/SOTON/D2004
PSM,514.467,43.89502,2_PSM_TGA.csv,10.5258/SOTON/D2004
PSM,515.467,43.8796,2_PSM_TGA.csv,10.5258/SOTON/D2004
PSM,516.467,43.86802,2_PSM_TGA.csv,10.5258/SOTON/D2004
PSM,517.467,43.8548,2_PSM_TGA.csv,10.5258/SOTON/D2004
PSM,518.467,43.83426,2_PSM_TGA.csv,10.5258/SOTON/D2004
PSM,519.467,43.84615,2_PSM_TGA.csv,10.5258/SOTON/D2004
PSM,520.467,43.86587,2_PSM_TGA.csv,10.5258/SOTON/D2004
PSM,521.467,43.85588,2_PSM_TGA.csv,10.5258/SOTON/D2004
PSM,522.467,43.84658,2_PSM_TGA.csv,10.5258/SOTON/D2004
PSM,523.467,43.8418,2_PSM_TGA.csv,10.5258/SOTON/D2004
PSM,524.467,43.83363,2_PSM_TGA.csv,10.5258/SOTON/D2004
PSM,525.467,43.83353,2_PSM_TGA.csv,10.5258/SOTON/D2004
PSM,526.467,43.82769,2_PSM_TGA.csv,10.5258/SOTON/D2004
PSM,527.467,43.81945,2_PSM_TGA.csv,10.5258/SOTON/D2004
PSM,528.467,43.80878,2_PSM_TGA.csv,10.5258/SOTON/D2004
PSM,529.467,43.80999,2_PSM_TGA.csv,10.5258/SOTON/D2004
PSM,530.467,43.80168,2_PSM_TGA.csv,10.5258/SOTON/D2004
PSM,531.467,43.78877,2_PSM_TGA.csv,10.5258/SOTON/D2004
PSM,532.467,43.78057,2_PSM_TGA.csv,10.5258/SOTON/D2004
PSM,533.467,43.78156,2_PSM_TGA.csv,10.5258/SOTON/D2004
PSM,534.467,43.7722,2_PSM_TGA.csv,10.5258/SOTON/D2004
PSM,535.467,43.76507,2_PSM_TGA.csv,10.5258/SOTON/D2004
PSM,536.467,43.76859,2_PSM_TGA.csv,10.5258/SOTON/D2004
PSM,537.467,43.76742,2_PSM_TGA.csv,10.5258/SOTON/D2004
PSM,538.467,43.76033,2_PSM_TGA.csv,10.5258/SOTON/D2004
PSM,539.467,43.73788,2_PSM_TGA.csv,10.5258/SOTON/D2004
PSM,540.467,43.74984,2_PSM_TGA.csv,10.5258/SOTON/D2004
PSM,541.467,43.74495,2_PSM_TGA.csv,10.5258/SOTON/D2004
PSM,542.467,43.74043,2_PSM_TGA.csv,10.5258/SOTON/D2004
PSM,543.467,43.7355,2_PSM_TGA.csv,10.5258/SOTON/D2004
PSM,544.467,43.73313,2_PSM_TGA.csv,10.5258/SOTON/D2004
PSM,545.467,43.73208,2_PSM_TGA.csv,10.5258/SOTON/D2004
PSM,546.467,43.73076,2_PSM_TGA.csv,10.5258/SOTON/D2004
PSM,547.467,43.72152,2_PSM_TGA.csv,10.5258/SOTON/D2004
PSM,548.467,43.71561,2_PSM_TGA.csv,10.5258/SOTON/D2004
PSM,549.467,43.70628,2_PSM_TGA.csv,10.5258/SOTON/D2004
PSM,550.467,43.69308,2_PSM_TGA.csv,10.5258/SOTON/D2004
PSM,551.467,43.70725,2_PSM_TGA.csv,10.5258/SOTON/D2004
PSM,552.467,43.69942,2_PSM_TGA.csv,10.5258/SOTON/D2004
PSM,553.467,43.67742,2_PSM_TGA.csv,10.5258/SOTON/D2004
PSM,554.467,43.66464,2_PSM_TGA.csv,10.5258/SOTON/D2004
PSM,555.467,43.65984,2_PSM_TGA.csv,10.5258/SOTON/D2004
PSM,556.467,43.66595,2_PSM_TGA.csv,10.5258/SOTON/D2004
PSM,557.467,43.6635,2_PSM_TGA.csv,10.5258/SOTON/D2004
PSM,558.467,43.65994,2_PSM_TGA.csv,10.5258/SOTON/D2004
PSM,559.467,43.65256,2_PSM_TGA.csv,10.5258/SOTON/D2004
PSM,560.467,43.65637,2_PSM_TGA.csv,10.5258/SOTON/D2004
PSM,561.467,43.65119,2_PSM_TGA.csv,10.5258/SOTON/D2004
PSM,562.467,43.64607,2_PSM_TGA.csv,10.5258/SOTON/D2004
PSM,563.467,43.63254,2_PSM_TGA.csv,10.5258/SOTON/D2004
PSM,564.467,43.62307,2_PSM_TGA.csv,10.5258/SOTON/D2004
PSM,565.467,43.61421,2_PSM_TGA.csv,10.5258/SOTON/D2004
PSM,566.467,43.60817,2_PSM_TGA.csv,10.5258/SOTON/D2004
PSM,567.467,43.60227,2_PSM_TGA.csv,10.5258/SOTON/D2004
PSM,568.467,43.59536,2_PSM_TGA.csv,10.5258/SOTON/D2004
PSM,569.467,43.57967,2_PSM_TGA.csv,10.5258/SOTON/D2004
PSM,570.467,43.57031,2_PSM_TGA.csv,10.5258/SOTON/D2004
PSM,571.467,43.56825,2_PSM_TGA.csv,10.5258/SOTON/D2004
PSM,572.467,43.569,2_PSM_TGA.csv,10.5258/SOTON/D2004
PSM,573.467,43.55711,2_PSM_TGA.csv,10.5258/SOTON/D2004
PSM,574.467,43.51829,2_PSM_TGA.csv,10.5258/SOTON/D2004
PSM,575.467,43.50169,2_PSM_TGA.csv,10.5258/SOTON/D2004
PSM,576.467,43.48654,2_PSM_TGA.csv,10.5258/SOTON/D2004
PSM,577.467,43.47972,2_PSM_TGA.csv,10.5258/SOTON/D2004
PSM,578.467,43.45984,2_PSM_TGA.csv,10.5258/SOTON/D2004
PSM,579.467,43.45772,2_PSM_TGA.csv,10.5258/SOTON/D2004
PSM,580.467,43.43507,2_PSM_TGA.csv,10.5258/SOTON/D2004
PSM,581.467,43.41853,2_PSM_TGA.csv,10.5258/SOTON/D2004
PSM,582.467,43.39154,2_PSM_TGA.csv,10.5258/SOTON/D2004
PSM,583.467,43.36922,2_PSM_TGA.csv,10.5258/SOTON/D2004
PSM,584.467,43.35723,2_PSM_TGA.csv,10.5258/SOTON/D2004
PSM,585.467,43.34005,2_PSM_TGA.csv,10.5258/SOTON/D2004
PSM,586.467,43.31221,2_PSM_TGA.csv,10.5258/SOTON/D2004
PSM,587.467,43.26411,2_PSM_TGA.csv,10.5258/SOTON/D2004
PSM,588.467,43.2251,2_PSM_TGA.csv,10.5258/SOTON/D2004
PSM,589.467,43.2433,2_PSM_TGA.csv,10.5258/SOTON/D2004
PSM,590.467,43.22529,2_PSM_TGA.csv,10.5258/SOTON/D2004
PSM,591.467,43.18936,2_PSM_TGA.csv,10.5258/SOTON/D2004
PSM,592.467,43.12445,2_PSM_TGA.csv,10.5258/SOTON/D2004
PSM,593.467,43.09431,2_PSM_TGA.csv,10.5258/SOTON/D2004
PSM,594.467,43.05573,2_PSM_TGA.csv,10.5258/SOTON/D2004
PSM,595.467,43.01776,2_PSM_TGA.csv,10.5258/SOTON/D2004
PSM,596.467,42.9894,2_PSM_TGA.csv,10.5258/SOTON/D2004
PSM,597.467,42.94342,2_PSM_TGA.csv,10.5258/SOTON/D2004
PSM,598.467,42.89144,2_PSM_TGA.csv,10.5258/SOTON/D2004
PSM,599.467,42.8503,2_PSM_TGA.csv,10.5258/SOTON/D2004
PSM,600.467,42.81354,2_PSM_TGA.csv,10.5258/SOTON/D2004
PSM,601.467,42.77922,2_PSM_TGA.csv,10.5258/SOTON/D2004
PSM,602.467,42.73334,2_PSM_TGA.csv,10.5258/SOTON/D2004
PSM,603.467,42.69425,2_PSM_TGA.csv,10.5258/SOTON/D2004
PSM,604.467,42.65679,2_PSM_TGA.csv,10.5258/SOTON/D2004
PSM,605.467,42.60476,2_PSM_TGA.csv,10.5258/SOTON/D2004
PSM,606.467,42.55021,2_PSM_TGA.csv,10.5258/SOTON/D2004
PSM,607.467,42.47704,2_PSM_TGA.csv,10.5258/SOTON/D2004
PSM,608.467,42.44156,2_PSM_TGA.csv,10.5258/SOTON/D2004
PSM,609.467,42.4001,2_PSM_TGA.csv,10.5258/SOTON/D2004
PSM,610.467,42.33831,2_PSM_TGA.csv,10.5258/SOTON/D2004
PSM,611.467,42.29015,2_PSM_TGA.csv,10.5258/SOTON/D2004
PSM,612.467,42.23829,2_PSM_TGA.csv,10.5258/SOTON/D2004
PSM,613.467,42.18145,2_PSM_TGA.csv,10.5258/SOTON/D2004
PSM,614.467,42.11806,2_PSM_TGA.csv,10.5258/SOTON/D2004
PSM,615.467,42.0504,2_PSM_TGA.csv,10.5258/SOTON/D2004
PSM,616.467,41.98904,2_PSM_TGA.csv,10.5258/SOTON/D2004
PSM,617.467,41.91872,2_PSM_TGA.csv,10.5258/SOTON/D2004
PSM,618.467,41.84803,2_PSM_TGA.csv,10.5258/SOTON/D2004
PSM,619.467,41.76525,2_PSM_TGA.csv,10.5258/SOTON/D2004
PSM,620.467,41.71856,2_PSM_TGA.csv,10.5258/SOTON/D2004
PSM,621.467,41.64157,2_PSM_TGA.csv,10.5258/SOTON/D2004
PSM,622.467,41.56237,2_PSM_TGA.csv,10.5258/SOTON/D2004
PSM,623.467,41.48057,2_PSM_TGA.csv,10.5258/SOTON/D2004
PSM,624.467,41.41054,2_PSM_TGA.csv,10.5258/SOTON/D2004
PSM,625.467,41.33963,2_PSM_TGA.csv,10.5258/SOTON/D2004
PSM,626.467,41.25998,2_PSM_TGA.csv,10.5258/SOTON/D2004
PSM,627.467,41.18615,2_PSM_TGA.csv,10.5258/SOTON/D2004
PSM,628.467,41.11203,2_PSM_TGA.csv,10.5258/SOTON/D2004
PSM,629.467,41.03619,2_PSM_TGA.csv,10.5258/SOTON/D2004
PSM,630.467,40.95357,2_PSM_TGA.csv,10.5258/SOTON/D2004
PSM,631.467,40.86631,2_PSM_TGA.csv,10.5258/SOTON/D2004
PSM,632.467,40.7917,2_PSM_TGA.csv,10.5258/SOTON/D2004
PSM,633.467,40.71797,2_PSM_TGA.csv,10.5258/SOTON/D2004
PSM,634.467,40.64316,2_PSM_TGA.csv,10.5258/SOTON/D2004
PSM,635.467,40.57641,2_PSM_TGA.csv,10.5258/SOTON/D2004
PSM,636.467,40.50544,2_PSM_TGA.csv,10.5258/SOTON/D2004
PSM,637.467,40.42932,2_PSM_TGA.csv,10.5258/SOTON/D2004
PSM,638.467,40.35667,2_PSM_TGA.csv,10.5258/SOTON/D2004
PSM,639.467,40.29085,2_PSM_TGA.csv,10.5258/SOTON/D2004
PSM,640.467,40.22318,2_PSM_TGA.csv,10.5258/SOTON/D2004
PSM,641.467,40.15928,2_PSM_TGA.csv,10.5258/SOTON/D2004
PSM,642.467,40.1005,2_PSM_TGA.csv,10.5258/SOTON/D2004
PSM,643.467,40.05497,2_PSM_TGA.csv,10.5258/SOTON/D2004
PSM,644.467,39.99128,2_PSM_TGA.csv,10.5258/SOTON/D2004
PSM,645.467,39.92252,2_PSM_TGA.csv,10.5258/SOTON/D2004
PSM,646.467,39.87732,2_PSM_TGA.csv,10.5258/SOTON/D2004
PSM,647.467,39.81456,2_PSM_TGA.csv,10.5258/SOTON/D2004
PSM,648.467,39.75679,2_PSM_TGA.csv,10.5258/SOTON/D2004
PSM,649.467,39.70711,2_PSM_TGA.csv,10.5258/SOTON/D2004
PSM,650.467,39.66812,2_PSM_TGA.csv,10.5258/SOTON/D2004
PSM,651.467,39.61979,2_PSM_TGA.csv,10.5258/SOTON/D2004
PSM,652.467,39.58499,2_PSM_TGA.csv,10.5258/SOTON/D2004
PSM,653.467,39.54122,2_PSM_TGA.csv,10.5258/SOTON/D2004
PSM,654.467,39.50063,2_PSM_TGA.csv,10.5258/SOTON/D2004
PSM,655.467,39.46457,2_PSM_TGA.csv,10.5258/SOTON/D2004
PSM,656.467,39.42908,2_PSM_TGA.csv,10.5258/SOTON/D2004
PSM,657.467,39.40014,2_PSM_TGA.csv,10.5258/SOTON/D2004
PSM,658.467,39.37337,2_PSM_TGA.csv,10.5258/SOTON/D2004
PSM,659.467,39.34886,2_PSM_TGA.csv,10.5258/SOTON/D2004
PSM,660.467,39.30502,2_PSM_TGA.csv,10.5258/SOTON/D2004
PSM,661.467,39.28594,2_PSM_TGA.csv,10.5258/SOTON/D2004
PSM,662.467,39.29696,2_PSM_TGA.csv,10.5258/SOTON/D2004
PSM,663.467,39.28254,2_PSM_TGA.csv,10.5258/SOTON/D2004
PSM,664.467,39.27357,2_PSM_TGA.csv,10.5258/SOTON/D2004
PSM,665.467,39.24311,2_PSM_TGA.csv,10.5258/SOTON/D2004
PSM,666.467,39.23525,2_PSM_TGA.csv,10.5258/SOTON/D2004
PSM,667.467,39.21895,2_PSM_TGA.csv,10.5258/SOTON/D2004
PSM,668.467,39.19562,2_PSM_TGA.csv,10.5258/SOTON/D2004
PSM,669.467,39.17572,2_PSM_TGA.csv,10.5258/SOTON/D2004
PSM,670.467,39.162,2_PSM_TGA.csv,10.5258/SOTON/D2004
PSM,671.467,39.15242,2_PSM_TGA.csv,10.5258/SOTON/D2004
PSM,672.467,39.13618,2_PSM_TGA.csv,10.5258/SOTON/D2004
PSM,673.467,39.12028,2_PSM_TGA.csv,10.5258/SOTON/D2004
PSM,674.467,39.11093,2_PSM_TGA.csv,10.5258/SOTON/D2004
PSM,675.467,39.11996,2_PSM_TGA.csv,10.5258/SOTON/D2004
PSM,676.467,39.11794,2_PSM_TGA.csv,10.5258/SOTON/D2004
PSM,677.467,39.10638,2_PSM_TGA.csv,10.5258/SOTON/D2004
PSM,678.467,39.08814,2_PSM_TGA.csv,10.5258/SOTON/D2004
PSM,679.467,39.08375,2_PSM_TGA.csv,10.5258/SOTON/D2004
PSM,680.467,39.07055,2_PSM_TGA.csv,10.5258/SOTON/D2004
PSM,681.467,39.09818,2_PSM_TGA.csv,10.5258/SOTON/D2004
PSM,682.467,39.08821,2_PSM_TGA.csv,10.5258/SOTON/D2004
PSM,683.467,39.08645,2_PSM_TGA.csv,10.5258/SOTON/D2004
PSM,684.467,39.06397,2_PSM_TGA.csv,10.5258/SOTON/D2004
PSM,685.467,39.06047,2_PSM_TGA.csv,10.5258/SOTON/D2004
PSM,686.467,39.05202,2_PSM_TGA.csv,10.5258/SOTON/D2004
PSM,687.467,39.04945,2_PSM_TGA.csv,10.5258/SOTON/D2004
PSM,688.467,39.04073,2_PSM_TGA.csv,10.5258/SOTON/D2004
PSM,689.467,39.05181,2_PSM_TGA.csv,10.5258/SOTON/D2004
PSM,690.467,39.05052,2_PSM_TGA.csv,10.5258/SOTON/D2004
PSM,691.467,39.05219,2_PSM_TGA.csv,10.5258/SOTON/D2004
PSM,692.467,39.04836,2_PSM_TGA.csv,10.5258/SOTON/D2004
PSM,693.467,39.0474,2_PSM_TGA.csv,10.5258/SOTON/D2004
PSM,694.467,39.0412,2_PSM_TGA.csv,10.5258/SOTON/D2004
PSM,695.467,39.03228,2_PSM_TGA.csv,10.5258/SOTON/D2004
PSM,696.467,39.01381,2_PSM_TGA.csv,10.5258/SOTON/D2004
PSM,697.467,39.02672,2_PSM_TGA.csv,10.5258/SOTON/D2004
PSM,698.467,39.00902,2_PSM_TGA.csv,10.5258/SOTON/D2004
PSM,699.467,39.01395,2_PSM_TGA.csv,10.5258/SOTON/D2004
PSM,700.467,39.02555,2_PSM_TGA.csv,10.5258/SOTON/D2004
PSM,701.467,39.03431,2_PSM_TGA.csv,10.5258/SOTON/D2004
PSM,702.467,39.03048,2_PSM_TGA.csv,10.5258/SOTON/D2004
PSM,703.467,39.02711,2_PSM_TGA.csv,10.5258/SOTON/D2004
PSM,704.467,39.02477,2_PSM_TGA.csv,10.5258/SOTON/D2004
PSM,705.467,39.0249,2_PSM_TGA.csv,10.5258/SOTON/D2004
PSM,706.467,39.01062,2_PSM_TGA.csv,10.5258/SOTON/D2004
PSM,707.467,39.02005,2_PSM_TGA.csv,10.5258/SOTON/D2004
PSM,708.467,39.01891,2_PSM_TGA.csv,10.5258/SOTON/D2004
PSM,709.467,39.01062,2_PSM_TGA.csv,10.5258/SOTON/D2004
PSM,710.467,39.00118,2_PSM_TGA.csv,10.5258/SOTON/D2004
PSM,711.467,38.98128,2_PSM_TGA.csv,10.5258/SOTON/D2004
PSM,712.467,39.0208,2_PSM_TGA.csv,10.5258/SOTON/D2004
PSM,713.467,39.01363,2_PSM_TGA.csv,10.5258/SOTON/D2004
PSM,714.467,39.0106,2_PSM_TGA.csv,10.5258/SOTON/D2004
PSM,715.467,38.99878,2_PSM_TGA.csv,10.5258/SOTON/D2004
PSM,716.467,39.00743,2_PSM_TGA.csv,10.5258/SOTON/D2004
PSM,717.467,39.02096,2_PSM_TGA.csv,10.5258/SOTON/D2004
PSM,718.467,39.01988,2_PSM_TGA.csv,10.5258/SOTON/D2004
PSM,719.467,39.02558,2_PSM_TGA.csv,10.5258/SOTON/D2004
PSM,720.467,39.02544,2_PSM_TGA.csv,10.5258/SOTON/D2004
PSM,721.467,39.01737,2_PSM_TGA.csv,10.5258/SOTON/D2004
PSM,722.467,39.00798,2_PSM_TGA.csv,10.5258/SOTON/D2004
PSM,723.467,38.99895,2_PSM_TGA.csv,10.5258/SOTON/D2004
PSM,724.467,39.02239,2_PSM_TGA.csv,10.5258/SOTON/D2004
PSM,725.467,39.02049,2_PSM_TGA.csv,10.5258/SOTON/D2004
PSM,726.467,39.03228,2_PSM_TGA.csv,10.5258/SOTON/D2004
PSM,727.467,39.02834,2_PSM_TGA.csv,10.5258/SOTON/D2004
PSM,728.467,39.01429,2_PSM_TGA.csv,10.5258/SOTON/D2004
PSM,729.467,39.02236,2_PSM_TGA.csv,10.5258/SOTON/D2004
PSM,730.467,39.02285,2_PSM_TGA.csv,10.5258/SOTON/D2004
PSM,731.467,39.01336,2_PSM_TGA.csv,10.5258/SOTON/D2004
PSM,732.467,39.01772,2_PSM_TGA.csv,10.5258/SOTON/D2004
PSM,733.467,39.03197,2_PSM_TGA.csv,10.5258/SOTON/D2004
PSM,734.467,39.03038,2_PSM_TGA.csv,10.5258/SOTON/D2004
PSM,735.467,39.02911,2_PSM_TGA.csv,10.5258/SOTON/D2004
PSM,736.467,39.02793,2_PSM_TGA.csv,10.5258/SOTON/D2004
PSM,737.467,39.01878,2_PSM_TGA.csv,10.5258/SOTON/D2004
PSM,738.467,39.0131,2_PSM_TGA.csv,10.5258/SOTON/D2004
PSM,739.467,39.01777,2_PSM_TGA.csv,10.5258/SOTON/D2004
PSM,740.467,39.03109,2_PSM_TGA.csv,10.5258/SOTON/D2004
PSM,741.467,39.03622,2_PSM_TGA.csv,10.5258/SOTON/D2004
PSM,742.467,39.03776,2_PSM_TGA.csv,10.5258/SOTON/D2004
PSM,743.467,39.03394,2_PSM_TGA.csv,10.5258/SOTON/D2004
PSM,744.467,38.9998,2_PSM_TGA.csv,10.5258/SOTON/D2004
PSM,745.467,39.05492,2_PSM_TGA.csv,10.5258/SOTON/D2004
PSM,746.467,39.05397,2_PSM_TGA.csv,10.5258/SOTON/D2004
PSM,747.467,39.04007,2_PSM_TGA.csv,10.5258/SOTON/D2004
PSM,748.467,39.03557,2_PSM_TGA.csv,10.5258/SOTON/D2004
PSM,749.467,39.04575,2_PSM_TGA.csv,10.5258/SOTON/D2004
PSM,750.467,39.02634,2_PSM_TGA.csv,10.5258/SOTON/D2004
PSM,751.467,39.0526,2_PSM_TGA.csv,10.5258/SOTON/D2004
PSM,752.467,39.04908,2_PSM_TGA.csv,10.5258/SOTON/D2004
PSM,753.467,39.04333,2_PSM_TGA.csv,10.5258/SOTON/D2004
PSM,754.467,39.03076,2_PSM_TGA.csv,10.5258/SOTON/D2004
PSM,755.467,39.03305,2_PSM_TGA.csv,10.5258/SOTON/D2004
PSM,756.467,39.03183,2_PSM_TGA.csv,10.5258/SOTON/D2004
PSM,757.467,39.0189,2_PSM_TGA.csv,10.5258/SOTON/D2004
PSM,758.467,39.01621,2_PSM_TGA.csv,10.5258/SOTON/D2004
PSM,759.467,39.04581,2_PSM_TGA.csv,10.5258/SOTON/D2004
PSM,760.467,39.05321,2_PSM_TGA.csv,10.5258/SOTON/D2004
PSM,761.467,39.05197,2_PSM_TGA.csv,10.5258/SOTON/D2004
PSM,762.467,39.04138,2_PSM_TGA.csv,10.5258/SOTON/D2004
PSM,763.467,39.03887,2_PSM_TGA.csv,10.5258/SOTON/D2004
PSM,764.467,39.03776,2_PSM_TGA.csv,10.5258/SOTON/D2004
PSM,765.467,39.03236,2_PSM_TGA.csv,10.5258/SOTON/D2004
PSM,766.467,39.02975,2_PSM_TGA.csv,10.5258/SOTON/D2004
PSM,767.467,39.02741,2_PSM_TGA.csv,10.5258/SOTON/D2004
PSM,768.467,39.01652,2_PSM_TGA.csv,10.5258/SOTON/D2004
PSM,769.467,39.0301,2_PSM_TGA.csv,10.5258/SOTON/D2004
PSM,770.467,39.03778,2_PSM_TGA.csv,10.5258/SOTON/D2004
PSM,771.467,39.04629,2_PSM_TGA.csv,10.5258/SOTON/D2004
PSM,772.467,39.0472,2_PSM_TGA.csv,10.5258/SOTON/D2004
PSM,773.467,39.04145,2_PSM_TGA.csv,10.5258/SOTON/D2004
PSM,774.467,39.03907,2_PSM_TGA.csv,10.5258/SOTON/D2004
PSM,775.467,39.04479,2_PSM_TGA.csv,10.5258/SOTON/D2004
PSM,776.467,39.04841,2_PSM_TGA.csv,10.5258/SOTON/D2004
PSM,777.467,39.04489,2_PSM_TGA.csv,10.5258/SOTON/D2004
PSM,778.467,39.03425,2_PSM_TGA.csv,10.5258/SOTON/D2004
PSM,779.467,39.0331,2_PSM_TGA.csv,10.5258/SOTON/D2004
PSM,780.467,39.02601,2_PSM_TGA.csv,10.5258/SOTON/D2004
PSM,781.467,39.02488,2_PSM_TGA.csv,10.5258/SOTON/D2004
PSM,782.467,39.02836,2_PSM_TGA.csv,10.5258/SOTON/D2004
PSM,783.467,39.02473,2_PSM_TGA.csv,10.5258/SOTON/D2004
PSM,784.467,39.00226,2_PSM_TGA.csv,10.5258/SOTON/D2004
PSM,785.467,39.00949,2_PSM_TGA.csv,10.5258/SOTON/D2004
PSM,786.467,39.01297,2_PSM_TGA.csv,10.5258/SOTON/D2004
PSM,787.467,39.01185,2_PSM_TGA.csv,10.5258/SOTON/D2004
PSM,788.467,39.01652,2_PSM_TGA.csv,10.5258/SOTON/D2004
PSM,789.467,39.01424,2_PSM_TGA.csv,10.5258/SOTON/D2004
PSM,790.467,39.02389,2_PSM_TGA.csv,10.5258/SOTON/D2004
PSM,791.467,39.01868,2_PSM_TGA.csv,10.5258/SOTON/D2004
PSM,792.467,39.01266,2_PSM_TGA.csv,10.5258/SOTON/D2004
PSM,793.467,39.00943,2_PSM_TGA.csv,10.5258/SOTON/D2004
PSM,794.467,39.00886,2_PSM_TGA.csv,10.5258/SOTON/D2004
PSM,795.467,39.00585,2_PSM_TGA.csv,10.5258/SOTON/D2004
PSM,796.467,38.98379,2_PSM_TGA.csv,10.5258/SOTON/D2004
PSM,797.467,38.97813,2_PSM_TGA.csv,10.5258/SOTON/D2004
PSM,798.467,38.98733,2_PSM_TGA.csv,10.5258/SOTON/D2004
PSM,799.467,39.00526,2_PSM_TGA.csv,10.5258/SOTON/D2004
PSM,800.467,38.99251,2_PSM_TGA.csv,10.5258/SOTON/D2004
PSM,801.467,38.95702,2_PSM_TGA.csv,10.5258/SOTON/D2004
PSM,802.467,38.99073,2_PSM_TGA.csv,10.5258/SOTON/D2004
PSM,803.467,38.99104,2_PSM_TGA.csv,10.5258/SOTON/D2004
PSM,804.467,38.97832,2_PSM_TGA.csv,10.5258/SOTON/D2004
PSM,805.467,38.99888,2_PSM_TGA.csv,10.5258/SOTON/D2004
PSM,806.467,39.00125,2_PSM_TGA.csv,10.5258/SOTON/D2004
PSM,807.467,38.99955,2_PSM_TGA.csv,10.5258/SOTON/D2004
PSM,808.467,38.99588,2_PSM_TGA.csv,10.5258/SOTON/D2004
PSM,809.467,38.99578,2_PSM_TGA.csv,10.5258/SOTON/D2004
PSM,810.467,38.98751,2_PSM_TGA.csv,10.5258/SOTON/D2004
PSM,811.467,38.97053,2_PSM_TGA.csv,10.5258/SOTON/D2004
PSM,812.467,38.96344,2_PSM_TGA.csv,10.5258/SOTON/D2004
PSM,813.467,38.94598,2_PSM_TGA.csv,10.5258/SOTON/D2004
PSM,814.467,38.97258,2_PSM_TGA.csv,10.5258/SOTON/D2004
PSM,815.467,38.97879,2_PSM_TGA.csv,10.5258/SOTON/D2004
PSM,816.467,38.9669,2_PSM_TGA.csv,10.5258/SOTON/D2004
PSM,817.467,38.97369,2_PSM_TGA.csv,10.5258/SOTON/D2004
PSM,818.467,38.96323,2_PSM_TGA.csv,10.5258/SOTON/D2004
PSM,819.467,38.96356,2_PSM_TGA.csv,10.5258/SOTON/D2004
PSM,820.467,38.9622,2_PSM_TGA.csv,10.5258/SOTON/D2004
PSM,821.467,38.96646,2_PSM_TGA.csv,10.5258/SOTON/D2004
PSM,822.467,38.95985,2_PSM_TGA.csv,10.5258/SOTON/D2004
PSM,823.467,38.96912,2_PSM_TGA.csv,10.5258/SOTON/D2004
PSM,824.467,38.97059,2_PSM_TGA.csv,10.5258/SOTON/D2004
PSM,825.467,38.96332,2_PSM_TGA.csv,10.5258/SOTON/D2004
PSM,826.467,38.96921,2_PSM_TGA.csv,10.5258/SOTON/D2004
PSM,827.467,38.96535,2_PSM_TGA.csv,10.5258/SOTON/D2004
PSM,828.467,38.95956,2_PSM_TGA.csv,10.5258/SOTON/D2004
PSM,829.467,38.96039,2_PSM_TGA.csv,10.5258/SOTON/D2004
PSM,830.467,38.96239,2_PSM_TGA.csv,10.5258/SOTON/D2004
PSM,831.467,38.9575,2_PSM_TGA.csv,10.5258/SOTON/D2004
PSM,832.467,38.956,2_PSM_TGA.csv,10.5258/SOTON/D2004
PSM,833.467,38.94718,2_PSM_TGA.csv,10.5258/SOTON/D2004
PSM,834.467,38.9495,2_PSM_TGA.csv,10.5258/SOTON/D2004
PSM,835.467,38.91978,2_PSM_TGA.csv,10.5258/SOTON/D2004
PSM,836.467,38.94354,2_PSM_TGA.csv,10.5258/SOTON/D2004
PSM,837.467,38.97034,2_PSM_TGA.csv,10.5258/SOTON/D2004
PSM,838.467,38.98075,2_PSM_TGA.csv,10.5258/SOTON/D2004
PSM,839.467,38.97941,2_PSM_TGA.csv,10.5258/SOTON/D2004
PSM,840.467,38.96675,2_PSM_TGA.csv,10.5258/SOTON/D2004
PSM,841.467,38.96357,2_PSM_TGA.csv,10.5258/SOTON/D2004
PSM,842.467,38.95275,2_PSM_TGA.csv,10.5258/SOTON/D2004
PSM,843.467,38.95304,2_PSM_TGA.csv,10.5258/SOTON/D2004
PSM,844.467,38.95763,2_PSM_TGA.csv,10.5258/SOTON/D2004
PSM,845.467,38.95312,2_PSM_TGA.csv,10.5258/SOTON/D2004
PSM,846.467,38.9449,2_PSM_TGA.csv,10.5258/SOTON/D2004
PSM,847.467,38.94339,2_PSM_TGA.csv,10.5258/SOTON/D2004
PSM,848.467,38.94675,2_PSM_TGA.csv,10.5258/SOTON/D2004
PSM,849.467,38.94917,2_PSM_TGA.csv,10.5258/SOTON/D2004
PSM,850.467,38.9467,2_PSM_TGA.csv,10.5258/SOTON/D2004
PSM,851.467,38.94469,2_PSM_TGA.csv,10.5258/SOTON/D2004
PSM,852.467,38.94451,2_PSM_TGA.csv,10.5258/SOTON/D2004
PSM,853.467,38.94451,2_PSM_TGA.csv,10.5258/SOTON/D2004
PSM,854.467,38.95043,2_PSM_TGA.csv,10.5258/SOTON/D2004
PSM,855.467,38.95167,2_PSM_TGA.csv,10.5258/SOTON/D2004
PSM,856.467,38.94811,2_PSM_TGA.csv,10.5258/SOTON/D2004
PSM,857.467,38.94923,2_PSM_TGA.csv,10.5258/SOTON/D2004
PSM,858.467,38.94443,2_PSM_TGA.csv,10.5258/SOTON/D2004
PSM,859.467,38.94803,2_PSM_TGA.csv,10.5258/SOTON/D2004
PSM,860.467,38.95631,2_PSM_TGA.csv,10.5258/SOTON/D2004
PSM,861.467,38.95744,2_PSM_TGA.csv,10.5258/SOTON/D2004
PSM,862.467,38.95619,2_PSM_TGA.csv,10.5258/SOTON/D2004
PSM,863.467,38.94817,2_PSM_TGA.csv,10.5258/SOTON/D2004
PSM,864.467,38.95028,2_PSM_TGA.csv,10.5258/SOTON/D2004
PSM,865.467,38.92706,2_PSM_TGA.csv,10.5258/SOTON/D2004
PSM,866.467,38.96062,2_PSM_TGA.csv,10.5258/SOTON/D2004
PSM,867.467,38.98244,2_PSM_TGA.csv,10.5258/SOTON/D2004
PSM,868.467,38.97282,2_PSM_TGA.csv,10.5258/SOTON/D2004
PSM,869.467,38.95844,2_PSM_TGA.csv,10.5258/SOTON/D2004
PSM,870.467,38.95109,2_PSM_TGA.csv,10.5258/SOTON/D2004
PSM,871.467,38.9553,2_PSM_TGA.csv,10.5258/SOTON/D2004
PSM,872.467,38.95096,2_PSM_TGA.csv,10.5258/SOTON/D2004
PSM,873.467,38.95416,2_PSM_TGA.csv,10.5258/SOTON/D2004
PSM,874.467,38.95159,2_PSM_TGA.csv,10.5258/SOTON/D2004
PSM,875.467,38.92338,2_PSM_TGA.csv,10.5258/SOTON/D2004
PSM,876.467,38.95271,2_PSM_TGA.csv,10.5258/SOTON/D2004
PSM,877.467,38.98407,2_PSM_TGA.csv,10.5258/SOTON/D2004
PSM,878.467,38.97487,2_PSM_TGA.csv,10.5258/SOTON/D2004
PSM,879.467,38.96231,2_PSM_TGA.csv,10.5258/SOTON/D2004
PSM,880.467,38.96458,2_PSM_TGA.csv,10.5258/SOTON/D2004
PSM,881.467,38.96211,2_PSM_TGA.csv,10.5258/SOTON/D2004
PSM,882.467,38.96361,2_PSM_TGA.csv,10.5258/SOTON/D2004
PSM,883.467,38.96193,2_PSM_TGA.csv,10.5258/SOTON/D2004
PSM,884.467,38.96356,2_PSM_TGA.csv,10.5258/SOTON/D2004
PSM,885.467,38.9693,2_PSM_TGA.csv,10.5258/SOTON/D2004
PSM,886.467,38.96462,2_PSM_TGA.csv,10.5258/SOTON/D2004
PSM,887.467,38.96513,2_PSM_TGA.csv,10.5258/SOTON/D2004
PSM,888.467,38.95292,2_PSM_TGA.csv,10.5258/SOTON/D2004
PSM,889.467,38.94586,2_PSM_TGA.csv,10.5258/SOTON/D2004
PSM,890.467,38.94265,2_PSM_TGA.csv,10.5258/SOTON/D2004
PSM,891.467,38.94328,2_PSM_TGA.csv,10.5258/SOTON/D2004
PSM,892.467,38.95038,2_PSM_TGA.csv,10.5258/SOTON/D2004
PSM,893.467,38.95395,2_PSM_TGA.csv,10.5258/SOTON/D2004
PSM,894.467,38.94724,2_PSM_TGA.csv,10.5258/SOTON/D2004
PSM,895.467,38.94198,2_PSM_TGA.csv,10.5258/SOTON/D2004
PSM,896.467,38.95744,2_PSM_TGA.csv,10.5258/SOTON/D2004
PSM,897.467,38.95271,2_PSM_TGA.csv,10.5258/SOTON/D2004
PSM,898.467,38.95293,2_PSM_TGA.csv,10.5258/SOTON/D2004
